*79
$GPRMC,054423.00,A,3746.79275,N,12224.40754,W,1.730,,050815,,,A*67
$GPVTG,,T,,M,1.730,N,3.204,K,A*23
$GPGGA,054423.00,3746.79275,N,12224.40754,W,1,05,2.58,73.0,M,-29.7,M,,*58
$GPGSA,A,3,14,22,19,04,27,,,,,,,,6.04,2.58,5.46*04
$GPGSV,4,1,13,01,09,314,,04,35,312,07,08,34,276,22,11,20,312,19*73
$GPGSV,4,2,13,14,83,095,16,18,31,076,06,19,41,266,14,21,12,136,17*7C
$GPGSV,4,3,13,22,63,045,22,24,14,045,,27,33,226,25,31,12,167,08*77
$GPGSV,4,4,13,32,24,278,*41
$GPGLL,3746.79275,N,12224.40754,W,054423.00,A,A*72
$GPRMC,054424.00,A,3746.79173,N,12224.40646,W,2.110,,050815,,,A*60
$GPVTG,,T,,M,2.110,N,3.908,K,A*23
$GPGGA,054424.00,3746.79173,N,12224.40646,W,1,05,2.58,75.0,M,-29.7,M,,*5E
$GPGSA,A,3,14,22,19,04,27,,,,,,,,6.04,2.58,5.46*04
$GPGSV,4,1,13,01,09,314,,04,35,312,07,08,34,276,22,11,20,312,19*73
$GPGSV,4,2,13,14,83,092,15,18,31,076,06,19,41,266,12,21,12,136,14*7D
$GPGSV,4,3,13,22,63,045,22,24,14,045,,27,33,226,24,31,12,167,08*76
$GPGSV,4,4,13,32,24,278,*41
$GPGLL,3746.79173,N,12224.40646,W,054424.00,A,A*72
$GPRMC,054425.00,A,3746.79102,N,12224.40603,W,2.214,,050815,,,A*61
$GPVTG,,T,,M,2.214,N,4.100,K,A*23
$GPGGA,054425.00,3746.79102,N,12224.40603,W,1,05,2.58,75.5,M,-29.7,M,,*5D
$GPGSA,A,3,14,22,19,04,27,,,,,,,,6.04,2.58,5.46*04
$GPGSV,4,1,13,01,09,314,,04,35,312,07,08,34,276,23,11,20,312,19*72
$GPGSV,4,2,13,14,83,092,14,18,31,076,06,19,41,266,11,21,12,136,12*79
$GPGSV,4,3,13,22,63,045,21,24,14,045,,27,33,226,24,31,12,167,08*75
$GPGSV,4,4,13,32,24,278,*41
$GPGLL,3746.79102,N,12224.40603,W,054425.00,A,A*74
$GPRMC,054426.00,A,3746.79019,N,12224.40583,W,2.348,,050815,,,A*6A
$GPVTG,,T,,M,2.348,N,4.349,K,A*24
$GPGGA,054426.00,3746.79019,N,12224.40583,W,1,05,2.58,75.7,M,-29.7,M,,*5C
$GPGSA,A,3,14,22,19,04,27,,,,,,,,6.03,2.58,5.46*03
$GPGSV,4,1,13,01,09,314,,04,35,312,07,08,34,276,22,11,20,312,20*79
$GPGSV,4,2,13,14,83,092,16,18,31,076,06,19,41,266,11,21,12,136,*78
$GPGSV,4,3,13,22,63,045,21,24,14,045,,27,33,226,24,31,12,167,*7D
$GPGSV,4,4,13,32,24,278,*41
$GPGLL,3746.79019,N,12224.40583,W,054426.00,A,A*77
$GPRMC,054427.00,A,3746.78994,N,12224.40565,W,2.087,,050815,,,A*6E
$GPVTG,,T,,M,2.087,N,3.865,K,A*26
$GPGGA,054427.00,3746.78994,N,12224.40565,W,1,05,2.58,75.5,M,-29.7,M,,*5A
$GPGSA,A,3,14,22,19,04,27,,,,,,,,6.03,2.58,5.46*03
$GPGSV,4,1,13,01,09,314,,04,35,312,07,08,34,276,22,11,20,312,20*79
$GPGSV,4,2,13,14,83,092,15,18,31,076,10,19,41,266,08,21,12,136,*74
$GPGSV,4,3,13,22,63,045,21,24,14,045,,27,33,226,25,31,12,167,*7C
$GPGSV,4,4,13,32,24,278,*41
$GPGLL,3746.78994,N,12224.40565,W,054427.00,A,A*73
$GPRMC,054428.00,A,3746.78948,N,12224.40535,W,1.986,,050815,,,A*6E
$GPVTG,,T,,M,1.986,N,3.679,K,A*2E
$GPGGA,054428.00,3746.78948,N,12224.40535,W,1,05,2.58,76.0,M,-29.7,M,,*57
$GPGSA,A,3,14,22,19,04,27,,,,,,,,6.03,2.58,5.46*03
$GPGSV,4,1,13,01,09,314,,04,35,312,07,08,34,276,21,11,20,312,19*70
$GPGSV,4,2,13,14,83,092,15,18,30,076,10,19,41,266,08,21,12,136,*75
$GPGSV,4,3,13,22,63,045,21,24,14,045,,27,33,226,24,31,12,167,*7D
$GPGSV,4,4,13,32,24,278,*41
$GPGLL,3746.78948,N,12224.40535,W,054428.00,A,A*78
$GPRMC,054429.00,A,3746.78920,N,12224.40482,W,1.892,,050815,,,A*68
$GPVTG,,T,,M,1.892,N,3.503,K,A*24
$GPGGA,054429.00,3746.78920,N,12224.40482,W,1,05,2.57,75.3,M,-29.7,M,,*5A
$GPGSA,A,3,14,22,19,27,18,,,,,,,,3.